3778579929
3777640164
3745780512
3874584449
1237716936
3778281985
3778229323
3746213074
3874021437
3778252287
3778153184
3778080743
3745941169
3745798769
3873848782
3745848526
3746509311
3469073371
3374150549
3841621250
3745656637
3778419140
3746236836
3777940707
3778352978
3756052322
3778404278
3777665458
3778370142
3777939085
3746514717
3778596523
3778366530
3778261628
3778378080
3777758376
3746590643
3842509293
3746189155
3842505152
3778362329
3778580346
3728222878
3746379021
3777622797
3746551322
3778071615
3745907206
3746455484
3842003297
3777844848
3745790156
3778091722
3777820189
3842362092
3777752813
2544726254
3746565617
3778411818
3777673567
3842559631
3745978733
3778610105
3777743528
2581297560
3842508148
3905802215
3778187911
3842457140
3841666588
3746247038
3746006319
3777962787
3874470479
3841841939
3778161956
3745954379
3842367613
3841895248
3841815907
3778385829
3745786186
3746465737
3746484769
3777814382
3777685284
3777992344
3778372831
3777933110
3777982801
3746186863
3778222526
3778566896
3777890659
3778290208
3778067192
3841742994
3777925139
3778135227
3778024490
3842368026
3202799751
3746133720
3778039316
3778187503
3777984539
3745782777
3778510874
3746133350
3777642773
3778162154
3842168152
3841904850
3778489501
3778590746
3777664124
3527458592
3778575442
3841669790
3746402466
3745757923
2135741458
3581980230
3777624621
3778236216
3873737260
3842596483
3778246388
3778472109
3746313262
3746587304
3841768376
3746194925
3777933219
3842318066
3745878339
3746403359
3777683635
3777723491
3842176153
3778304965
3778067998
3841661220
3746069858
3778520019
3841948208
3562338261
3778390185
3745904188
3746603995
3777752340
3777941426
3745684501
3778455517
3842369242
3777625855
3778031120
3777846949
3777861809
3745916769
3778476701
3842450227
3778074253
3777957660
3841854771
3777973279
3778597650
3778518712
3841723820
3090081464
3453443110
3841970336
3777800569
3777977161
3778064718
3778297613
3777706314
3778309162
3745687585
3778177550
3746549906
3842467135
3778507949
2586525778
1912105504
3841771599
3778509603
3778275590
3745765393
3777687900
3841732362
3588900652
3778079224
3874409352
3778315151
3746228251
3778554693
3778597656
3778128453
3745844076
3777890551
599375496
3842111742
3778208317
3777718639
3777792385
3842415608
3778305756
3778247313
3841905648
3778261255
3745740979
3778236122
3745791256
3841637352
3745693089
3746104759
3778118426
3778243299
3090731730
3746137240
3905800791
3777673339
3778309250
3777928117
3778592414
3746270293
3746239467
3777991925
3842095063
3841789521
3842048213
3777803791
3778122209
3777704430
3841672401
3778123354
3778281399
3777851851
3841692896
3777788468
3745767038
3778561663
3777703156
3778426179
3778040463
3873724138
3841784304
3778414821
3745952437
2784144177
3777743465
3612833853
3841801799
3841748242
3745893475
3777687127
3842605939
3777646408
3777642829
3777899014
3841729039
3746573232
3778530885
3841795201
3746368944
3778098507
3746065788
3842316216
3842446532
3778420150
3778077321
3778565658
3842214015
3842085577
3778317618
3778298000
3777720376
3778545585
3778166077
3778352582
3842564165
3778459039
3842053239
3571753767
3778429178
3842585451
1290129000
3778421640
3778094358
3842265001
3746028299
3778347065
3842426434
3841821560
3402838566
3778456825
3746468147
3745931502
3745682687
3746594544
3373180914
3777923505
3745779861
3778088402
3777673102
3777991633
3841998701
3874395157
3777983034
3745967858
3746255541
3455525582
3778495603
3778072107
3778616882
3841844854
3746310649
3842359058
3778329438
3842555674
3841747551
3778509339
3159047358
3777928868
3778028926
3745806687
3842327168
3777754930
3746509501
3842292358
3778058490
3777815498
3745729246
3777649260
3778153973
3778095283
3777669780
1398877682
3778070734
3777640234
3777847895
3777836540
2832010597
3745986157
3777782271
3777787395
3810270109
3423539951
3746541635
3778257660
3777701133
3841646327
3746134753
3746052430
3777737590
3841793187
3778164396
3778175014
3777686351
3746525632
3841876814
3746400079
3874504209
3745789565
3841857442
3746435863
3777930255
3842022720
3778485556
3777766642
3746103574
3746342941
3777974183
3778551343
3745815958
3778569553
3778399983
3841923812
3842435073
3746193995
3745654022
3413823061
3778498018
3746295905
3777834330
3778305625
3777998839
3777645328
3778299423
3777807944
3746077998
3874022404
3778152368
3746195520
3809949592
3778300354
3452914819
3778251697
3777642466
3493845374
3777744064
3778176862
3778163610
3167068459
3745792514
3777716955
3842052346
3777720381
3778499647
3746606315
3745919349
3778389142
3778007871
3842606516
3841949598
3777892166
3778202504
3841882711
3777654027
3777825073
3778540092
3850460245
3777695513
3778030553
3778395756
3527107922
3778322293
3745781473
3777820810
3746548649
3778261994
3778191874
3841854005
3633161883
3568406925
3778352614
3778201017
3746484292
3778176397
3778353434
3777696972
3873606020
3746375591
3778282805
3777921241
3842348032
3810308821
3842048038
3842352031
3777779933
3105822060
3841710361
3746001513
3778297948
3778148802
3842272166
3415533860
3778321958
3777990737
3746595927
3778143139
3841638784
3842096899
3745872673
3842140713
3778449214
3778523134
3778125408
3745627555
3841789850
3778177249
3777761901
3746462944
3842570882
3778513575
3841830360
3777851992
3841715833
3568422354
3842339848
3842267797
3746558444
3778616376
3777788386
3778537753
3777960196
3778147171
3778179526
3778306207
3778494694
3778366523
3777886296
3777820589
3778522577
3746484258
3778457293
3778576014
3777830376
3778249284
3778373052
3842403930
3600040992
3746442762
3778589239
3842449367
3842136958
3873883024
3745846600
3778323704
3778532232
3778474386
3777983936
3090655928
3778440855
3778131693
3777640569
3778176269
3777883986
3777868908
3778357569
3333119594
3873925950
3777779030
2457809370
3777640757
3778574463
3874575241
3842359517
3493138118
3841637835
3778076294
3778077862
3565008088
3778419848
3777716231
3746295169
3777862480
3745859065
3778090327
3745739631
3778550019
3778366905
3778573979
3778442640
3778343028
3778525648
3777658542
3777789955
3778522405
3777811789
3841835508
3777991946
3745790295
3746182723
3777729958
3778550519
3778328972
3745997851
3777904162
3810382276
3745760264
3745865445
3809733841
3778305918
3746551629
3842506743
3777920672
3778618297
3778367869
3745982697
3746325360
3777983860
3777663846
3746161820
3777653430
3777875925
3778407333
3746570877
3778587959
3778568179
3842374432
3745940866
3777975963
3746494316
3745740989
3842521925
3469765889
3778370803
3745726259
3777754249
3842503244
3778491425
3778533239
3777934199
3778488029
3778435308
2768184775
3746559665
3842367478
3777858533
3745988910
3777810286
3746383198
3842514593
3778318111
3778233611
3746177210
2519925015
3842092724
3842267297
3246741593
3777970088
3842184529
3778189497
3778408679
3778034162
3842549245
3842001179
3778260383
3745822269
3778035100
3841997578
3841798594
3778373284
3602409091
3745920891
3778327530
3778474843
3746393100
3777675306
3777955334
3778420359
3842076810
3745924117
3746072130
1083990928
3778095194
3842135598
3777996206
3777790058
3777925352
3777995099
3842328705
3777821568
3778079829
3874324903
3777729985
3778071754
3778097228
3841918405
3746488885
3842292521
3874262508
3778515672
3842274046
3841969055
3745805569
3873662255
3778222312
3685350628
3842046604
3745645004
3746568234
3777790925
3841633967
2802505523
3746223570
3729745824
3746555173
3753912920
3842418958
2599045222
3874195718
3745653111
3842361414
3873794252
3842126628
3559175729
3842476249
3778400167
3842458377
3841968249
3954567857
3778524534
3499470294
3778266716
3777911370
3778430439
3109541708
3601715455
3778142256
3295301987
3777983095
2685147015
3746226621
3778058275
3778115550
3810245870
3874199953
3873757439
3746580752
3746243468
3842165207
3745690666
3778436293
3842007306
3778525353
3745770040
3841888688
2315908184
3778312316
3842503637
3841847009
3874332804
3745847214
3810520884
3777700522
3841780858
3778158403
3810325169
3746220435
3777803600
3746188947
3778013783
3778148909
3746239684
3778339525
3841651550
3778454541
3777678510
3778199663
3777939504
3809787534
3841764807
3778252375
3777667117
3778517099
3778203599
3778568120
3778605917
3584426831
3745894664
3874188957
3778380172
3746142673
3777762936
3841940010
3777803307
3778282094
3777914492
3777662980
2586552698
3873891789
3841643813
3745759168
3778052575
3778246107
3842173307
3746208750
3842599818
3745844790
3745639732
3778584866
3746590049
2309491373
3778280802
3745812702
3778429533
3905884425
3777968555
3841934842
3841744568
3777977646
3746298918
3778174348
3842521957
3745670996
3842324879
3777748537
3842227724
3778202509
3778449464
3746588906
3746378737
3778466967
3842022061
3745666012
3746624521
3778278013
3777778747
3873770216
3778621439
3778277540
3777822815
3777679751
3746338596
3567503106
3777714667
3745820394
3778139179
3842275175
3842219013
3778572286
3778109476
3778256110
3778283755
3778612535
3842263626
3746593003
3778239154
3778377165
3873907327
3778315342
3746267258
3842396871
3842542660
3842231230
3745742420
3842066424
3778051255
3842246665
3745786872
3778014639
3777807608
3841878289
3809667722
3745767751
3778338215
3778557848
3778318713
3778461717
3777867499
3746311247
3745952771
3746441476
3842091678
3535970369
3778202516
3778064230
3778250108
3778220365
3746335182
3842353541
3778491755
3746581225
3746415545
3778181665
3746121682
3777833301
2171533953
3746048667
3746207678
3777729728
3778505576
3778315452
3146746593
3746582545
3810073464
3778591269
3842258916
3777704689
3777790939
3746242382
3777722861
3874497810
3745757870
3777997966
3777869956
3841673869
3746454092
3745834201
3778407603
3778325202
3778298887
2768246011
3778226960
3842507531
3842560893
3778264607
3746407522
3218904929
3842044763
3746589837
3777757466
3778431105
3746293523
3777969611
3778120622
2354294729
3842489950
3746349457
3778414660
3874460292
3746163065
3778053862
3746609448
3841829406
3777994934
2733058422
3778299130
3777936419
3777979944
3874009962
3778320643
3778483949
3778595466
3746188208
3778451416
3746249397
3778599598
3746565875
3746028469
3746587591
3842070216
3778301970
3778196473
3746229693
3745864291
3874489966
3778533884
3778526193
3778590109
3746418512
3777973602
3603966002
3777660991
3777788524
3777936833
3431642037
3778565021
3746524579
3778012822
3778427087
3777832684
3745967188
2793511881
3746366327
3778543544
3778260879
3778167750
3778543498
3777876584
3842030667
3841649853
3745635705
3778262290
3778608808
3874551029
3842345804
3777710161
3778303756
3777859213
3778245761
3778313944
3778467297
3778238223
3778417977
3778606790
3874582275
2925322075
3746357091
3778071484
3874603197
3778319813
3778109300
3842291871
3778442164
1936710410
3746192360
3906113590
3777780285
3777806225
3745924669
3777929762
3745842576
3745796706
3842416682
3392042503
3777756590
3746422295
3777638793
3778185252
3746049464
3746218213
3777700437
3873624129
3745675041
3745713614
3778274853
3746607532
3777642311
3746391761
3874268282
3745825487
3842041623
3841840229
3777755839
3778028196
3745696067
3746068739
3778421184
2171659964
3778601980
3778586025
3841751066
3778171577
2940653888
3778351360
3841834344
3841755830
3777939243
3778550083
3745649044
3842298005
3842313627
3778470578
3745684247
3746504026
3777904656
3778483192
3810139811
3745828131
3778336430
3777750153
3777850735
3778084291
3746574236
3746217375
3841762151
3778137976
3777686564
3567765618
3745632967
3746413066
3810530644
3746520088
3778222804
3841665456
3778024324
3746494938
3777756334
3024096294
3873784269
3778435492
3777763172
3373223610
3841870578
3778196824
3850415346
3778060243
3841880662
3842572445
3746435692
3745784621
3874158556
3746423429
3746326492
3778211071
3778232885
3745809232
3746464267
3841845452
3746364185
3842364316
3778482145
3778067093
3778040729
3777834938
3746007136
3746597134
3746147275
3746117162
3842355579
3778015276
3842148988
3746249207
3841665336
2092006180
3746600318
3746052618
3842254987
3778505081
3745646061
3778195716
3745692727
3778339169
3746095377
3778587413
3746209124
3778467651
3778486280
3777669004
3777764377
3842363810
3842590642
3873810815
3842525027
3746505107
3777976146
3745708763
3842495439
3745968324
3596703804
3777646511
3841633005
3778460950
3260111125
3745859031
3841655863
3777625388
3778041104
3841624067
3778441616
3777976404
3777624978
3746197076
3745728339
3841719708
3842474682
3841753440
3778176046
3841936465
3778100618
3745709168
3777672455
3089856754
3778596789
3841625604
3874238655
3778261222
3778091316
3745907111
3778142394
3842153805
3842469649
3746214252
3777854934
3841998568
3778199331
3746054007
3746597782
3746051495
3777861684
3874166466
3746345790
3778115335
3842435000
3778441439
3341993972
3777750808
3746356178
3777631038
3778051808
3778491944
3777751121
3778090787
3559058861
3746131180
3778567191
3778130390
3842121487
3746399772
3842357434
3778018583
496716263
3777751937
3652373217
3746556595
3746425872
3842118818
3873788673
3778064666
3777937662
3841820257
3778539188
3778338158
3746246199
3841653768
3746073686
3778322259
3874036844
3842122399
3788097468
3581042129
1115130554
3778554223
3777989043
3778174809
3778292537
3777656137
3778611072
3746613881
3842229455
3841941774
3841971382
3049807860
3778445746
3745845403
3778503050
3842009034
3778092531
3777869518
3746245296
3746129118
3777667824
3556138265
3609035382
3842377258
3746013263
3487950164
3778082045
3874436879
3202506172
3777644295
3778320862
3746254186
3777846882
3745879063
3841683989
3778034288
3778035304
3778615681
3778271056
3777869258
3777623082
3778552268
3745661433
3778573872
3603715380
3355171463
3777701480
3841716095
3841700102
3842196548
3745870100
3777962556
3746585407
3778244831
3778275190
3777899062
3841889183
3746019065
3842130289
3020491082
3778507393
3745760528
3842217084
3841991011
3777712425
3873693380
3777700350
3777728190
3778537856
3874449608
3778349757
3778077030
3841881473
3842224532
3746026313
3365990950
3809999331
3746061454
3778548860
3874154579
3575939989
3746004733
3778566460
3778065674
3599720856
3778025383
3842487154
3778000320
3745648461
3778221641
3842140557
3746598226
3745967932
3778120114
3778395436
3842582308
3745775253
3778412973
3778603994
3777669204
3777635101
3376000901
3778392375
3842202538
3777733592
3746237642
2717820058
3777966436
3778165882
3842040700
3746532927
3777918193
3778271911
3873875526
3778323399
3777830093
3777904758
3746331134
3778210931
3746549849
3745867758
3842336717
3745653795
3778177014
3746244438
3777775014
3777621940
3777655724
3777703315
3746590935
3778198681
3778096107
3777893790
3745689936
3746575168
3777758266
3842354444
3841697005
3777799562
3778092527
3778160380
3777967463
3777981466
3778054616
3745686386
3745690926
3745685067
3778419519
3841885978
3842032922
3778596074
3778311601
3777654343
3777989296
3842410159
3777810165
3778462793
3746269709
3778466763
4001826880
3777886906
3841747746
3746121505
3777989629
3778186942
3745648731
3842085766
3777772349
3777887055
3842395749
3746550119
3455306420
3745691655
3746162072
3777655251
3842010802
3144178934
3841841427
3745667925
3778573112
3746086954
3745689089
3559605051
2576371190
3842471167
3778421650
3842065946
3777789393
3777832700
3777992950
3778607935
3746132856
3778537969
1816665149
3777860002
3842371273
3745807268
3745842349
3777968416
3842290252
3778365310
3778250807
3746413491
3374399736
3777862591
3746424178
3373551830
3745819879
3778543308
3431955481
3841861125
3873890617
3778447689
3745994296
3842222979
3841809256
3842511160
3841807062
3778012590
3746172633
3777789345
3745766784
3778106674
3778158012
3842325471
3777840922
3873616615
3777840017
2245704674
3778069965
3778520030
2073608321
3778503904
3777785790
3778118562
3777690036
3777645947
3842192278
1294949456
3842026284
3778330654
3597921793
3777760808
3778007046
3510640264
3777829904
3777833724
3778385526
3777691035
3777678579
3746234489
3842599119
3778075444
3778005245
3745947477
3778396927
3778200036
3842050721
3746480797
3746482890
3777957331
3746433833
3026380991
3777942760
3777983700
3493162388
3707369897
3777790747
3746121282
3746421925
3777925665
3746579170
3778252584
3778240474
3746256753
3778038051
3777929290
3746160528
3778554421
3778016131
3777897162
3049281512
3778381680
3777753036
3746225673
3777899442
3778140570
3122340996
3356630617
3748187610
3842098985
3493633462
3746519726
3777982850
3745862336
3874514338
3486040975
3778087511
3778171558
3778030955
3874090028
3778142959
3777874709
3809975717
3778345176
3746056271
3745733007
3842430585
3778245872
3777809060
3746466513
3777669742
3746233895
3777922233
3842314911
3841927443
3746492511
3777805970
3534456882
3778604855
3778072189
3745958106
3746276592
3746318632
3778291679
2136112707
3874597223
3746092292
2854106593
3873930762
3777879360
2450955805
3842339643
3777687234
3778252090
3777626256
3778336317
3745786814
3746438506
3778319565
3778582390
3842351014
3340397971
3026918175
3874053685
3777812835
3777792379
3778591348
3842456719
3409523149
3778527017
3777960065
3777993809
3778308181
3100615449
3746204384
3841697394
1740031426
3841761737
3842484875
3745648486
3745778997
3778047376
3494029019
3745754035
3777949877
3778421845
3745975702
3745724034
2926072829
3745941998
3732535192
3746542262
3842081532
3778456024
3778035682
3745941950
3746378034
3778381688
3841684573
3778563027
3841709672
3778382495
3777776294
3778041746
3778592781
3778229035
3778059842
3777736147
2887443082
3842085359
3841905480
3841841388
3778593323
3778285689
3841918071
3842235533
3777853948
3842337756
3067759981
3842083726
2864159084
3564115065
3777766014
3873762899
3746221230
3842597428
3745944975
3745775372
3842276142
3746326055
3746176350
3777775237
3777733882
3778085299
3745862532
3778089780
3777793073
3778616522
3568244564
3746140016
3745741668
3842040427
3841956200
3778337973
3778544396
3874432487
3778240811
3746029992
3778034963
3777711949
3437484907
3746286878
3841911669
3745956847
3527436244
3778382771
3777671004
3745856478
3842205558
3778408523
3778524504
3842472854
3777640739
3026018931
3778213329
3778473047
3842460648
3746420063
3517380836
3778564101
3841826836
3778047791
3841695929
3778155826
3778262224
3777743521
3778296737
3746225272
3778015658
3778106289
3777865138
3874046265
3745818466
3273430626
3778384423
3777711822
3778481619
3778209137
3577792181
3777887836
3778154972
3777953608
3777714688
3745997235
3778597073
3746550261
3778347181
3841762407
3778210676
3778401488
3777755145
3778562184
1589257847
3778596863
3842460500
3777978224
3810065492
3842337368
3778489070
3511318246
3745977415
3778148179
3746152934
3777743802
3778013392
3746283717
3745875137
3745768762
3777904099
3778071119
3203467808
3777936769
3841779448
3778003639
3745694760
3777741019
3777895983
3746455372
3841766825
3841807539
2812982983
3778043004
3778310380
2559705545
3777957953
3746471880
3746195300
3874476962
3777941014
3746295203
3746191638
3778519345
3778593309
3777792976
3777943500
